<?xml version="1.0" encoding="UTF-8" standalone="no" ?>
<COLLADA xmlns="http://www.collada.org/2005/11/COLLADASchema" version="1.4.1">
    <asset>
        <contributor>
            <author>J|S|B</author>
            <authoring_tool>SketchUp 16.0.19912</authoring_tool>
        </contributor>
        <created>2017-03-26T09:22:10Z</created>
        <modified>2017-03-26T09:22:10Z</modified>
        <unit meter="0.0254" name="inch" />
        <up_axis>Z_UP</up_axis>
    </asset>
    <library_cameras>
        <camera id="ID1" name="skp_camera_Last_Saved_SketchUp_View">
            <optics>
                <technique_common>
                    <perspective>
                        <yfov>35</yfov>
                        <aspect_ratio>0</aspect_ratio>
                        <znear>1</znear>
                        <zfar>1000</zfar>
                    </perspective>
                </technique_common>
            </optics>
        </camera>
    </library_cameras>
    <library_visual_scenes>
        <visual_scene id="ID2">
            <node name="SketchUp">
                <node name="skp_camera_Last_Saved_SketchUp_View">
                    <matrix>0.9456319 -0.1663225 0.2794945 9.901579 0.3252389 0.4835825 -0.8126301 -13.74877 -1.110223e-15 0.8593514 0.5113856 14.07204 0 0 0 1</matrix>
                    <instance_camera url="#ID1" />
                </node>
                <node id="ID3" name="instance_0">
                    <matrix>-1 -5.137572e-12 2.357227e-12 10.52882 5.137572e-12 -1 7.192569e-16 3.913183 2.357227e-12 7.192569e-16 1 0.6411353 0 0 0 1</matrix>
                    <instance_node url="#ID4" />
                </node>
                <node id="ID419" name="instance_30">
                    <matrix>-1 -5.137572e-12 2.357227e-12 4.528819 5.137572e-12 -1 7.192569e-16 3.913183 2.357227e-12 7.192569e-16 1 0.6411353 0 0 0 1</matrix>
                    <instance_node url="#ID420" />
                </node>
            </node>
        </visual_scene>
    </library_visual_scenes>
    <library_nodes>
        <node id="ID4" name="HAND-JNTD-FIST">
            <instance_geometry url="#ID415">
                <bind_material>
                    <technique_common>
                        <instance_material symbol="Material2" target="#ID102">
                            <bind_vertex_input semantic="UVSET0" input_semantic="TEXCOORD" input_set="0" />
                        </instance_material>
                    </technique_common>
                </bind_material>
            </instance_geometry>
            <node id="ID5" name="instance_1">
                <matrix>0.5034465 -0.2092245 0.8383119 0.4367433 -0.6822533 0.4990711 0.5342831 2.678026 -0.5301623 -0.840924 0.1085115 2.837617 0 0 0 1</matrix>
                <instance_node url="#ID6" />
            </node>
            <node id="ID19" name="instance_2">
                <matrix>0.0348995 0.9993908 4.996004e-16 0.6325314 0.9653374 -0.03371033 0.258819 1.098372 0.2586614 -0.009032654 -0.9659258 1.951329 0 0 0 1</matrix>
                <instance_node url="#ID20" />
            </node>
            <node id="ID37" name="instance_3">
                <matrix>-6.661338e-16 1.602374e-31 -1 1.290973 -0.1045285 -0.9945219 6.962994e-17 2.306684 -0.9945219 0.1045285 6.624847e-16 1.901964 0 0 0 1</matrix>
                <instance_node url="#ID38" />
            </node>
            <node id="ID51" name="instance_4">
                <matrix>-6.661338e-16 4.314083e-32 -1 2.209956 0.9986295 -0.05233596 -6.652209e-16 2.536516 -0.05233596 -0.9986295 3.486275e-17 3.012405 0 0 0 1</matrix>
                <instance_node url="#ID52" />
            </node>
            <node id="ID65" name="instance_5">
                <matrix>-6.661338e-16 1.602374e-31 -1 1.290973 -0.05233596 0.9986295 3.486275e-17 0.5384884 0.9986295 0.05233596 -6.652209e-16 3.093981 0 0 0 1</matrix>
                <instance_node url="#ID66" />
            </node>
            <node id="ID79" name="instance_6">
                <matrix>-6.661338e-16 1.602374e-31 -1 2.209956 -0.05233596 0.9986295 3.486275e-17 0.4369972 0.9986295 0.05233596 -6.652209e-16 3.122436 0 0 0 1</matrix>
                <instance_node url="#ID80" />
            </node>
            <node id="ID93" name="instance_7">
                <matrix>1 8.020058e-32 5.916457e-31 0.324865 -4.912633e-32 0.9986295 -0.05233596 0.07667378 -5.950322e-31 0.05233596 0.9986295 -0.01113913 0 0 0 1</matrix>
                <instance_node url="#ID94" />
            </node>
            <node id="ID107" name="instance_8">
                <matrix>1 1.693928e-31 1.972152e-31 1.783956 2.039111e-31 -0.9816272 -0.190809 2.914917 1.612701e-31 0.190809 -0.9816272 2.72651 0 0 0 1</matrix>
                <instance_node url="#ID108" />
            </node>
            <node id="ID121" name="instance_9">
                <matrix>-6.661338e-16 2.711709e-31 -1 3.089778 -0.190809 -0.9816272 1.271043e-16 2.229294 -0.9816272 0.190809 6.538951e-16 1.646472 0 0 0 1</matrix>
                <instance_node url="#ID122" />
            </node>
            <node id="ID135" name="instance_10">
                <matrix>-0.1664194 0.9860512 -0.002769852 0.3894902 0.954259 0.16176 0.2514428 2.501484 0.2483836 0.0392018 -0.9678682 2.274878 0 0 0 1</matrix>
                <instance_node url="#ID136" />
            </node>
            <node id="ID149" name="instance_11">
                <matrix>0.9982354 3.469447e-17 0.05938091 3.51258 -0.05929954 -0.05233596 0.9968673 0.6192969 0.003107757 -0.9986295 -0.0522436 3.193544 0 0 0 1</matrix>
                <instance_node url="#ID150" />
            </node>
            <node id="ID163" name="instance_12">
                <matrix>1 5.78335e-32 3.944305e-31 2.731946 1.320318e-31 -0.9816272 -0.190809 2.772467 3.761485e-31 0.190809 -0.9816272 2.565515 0 0 0 1</matrix>
                <instance_node url="#ID164" />
            </node>
            <node id="ID177" name="instance_13">
                <matrix>1 1.38745e-31 2.958228e-31 0.8751141 1.689068e-31 -0.9945219 -0.1045285 2.814443 2.796995e-31 0.1045285 -0.9945219 2.754544 0 0 0 1</matrix>
                <instance_node url="#ID178" />
            </node>
            <node id="ID191" name="instance_14">
                <matrix>-6.661338e-16 1.910523e-31 -1 1.290973 0.9986295 -0.05233596 -6.652209e-16 2.422916 -0.05233596 -0.9986295 3.486275e-17 3.007842 0 0 0 1</matrix>
                <instance_node url="#ID192" />
            </node>
            <node id="ID205" name="instance_15">
                <matrix>-6.661338e-16 -3.451266e-31 -1 2.209956 -0.190809 -0.9816272 1.271043e-16 2.296692 -0.9816272 0.190809 6.538951e-16 1.778617 0 0 0 1</matrix>
                <instance_node url="#ID206" />
            </node>
            <node id="ID219" name="instance_16">
                <matrix>-6.661338e-16 -1.848893e-32 -1 3.089778 0.9986295 -0.05233596 -6.652209e-16 2.445256 -0.05233596 -0.9986295 3.486275e-17 2.807867 0 0 0 1</matrix>
                <instance_node url="#ID220" />
            </node>
            <node id="ID233" name="instance_17">
                <matrix>1 -2.193308e-32 3.944305e-31 0.8709732 -3.950378e-31 -0.05233596 0.9986295 0.7659513 -1.260122e-33 -0.9986295 -0.05233596 3.515257 0 0 0 1</matrix>
                <instance_node url="#ID234" />
            </node>
            <node id="ID247" name="instance_18">
                <matrix>1 -2.193308e-32 4.314083e-31 1.779956 -4.31965e-31 -0.05233596 0.9986295 0.6754053 6.75149e-34 -0.9986295 -0.05233596 3.540531 0 0 0 1</matrix>
                <instance_node url="#ID248" />
            </node>
            <node id="ID261" name="instance_19">
                <matrix>0.9860512 0.001826499 -0.1664324 0.2090083 0.16176 0.2249973 0.9608381 1.137915 0.0392018 -0.9743577 0.2215634 2.365061 0 0 0 1</matrix>
                <instance_node url="#ID262" />
            </node>
            <node id="ID275" name="instance_20">
                <matrix>1 -1.677235e-32 2.341931e-31 2.729778 -2.347499e-31 -0.05233596 0.9986295 0.6465916 -4.492647e-33 -0.9986295 -0.05233596 3.262625 0 0 0 1</matrix>
                <instance_node url="#ID276" />
            </node>
            <node id="ID289" name="instance_21">
                <matrix>1 -2.051445e-31 4.190824e-31 0.9331684 4.225988e-31 0.01745241 -0.9998477 2.120467 1.977993e-31 0.9998477 0.01745241 1.547355 0 0 0 1</matrix>
                <instance_node url="#ID290" />
            </node>
            <node id="ID303" name="instance_22">
                <matrix>1 4.30235e-34 4.930381e-32 2.751709 4.928879e-32 0.01745241 -0.9998477 2.05342 -1.29064e-33 0.9998477 0.01745241 1.311422 0 0 0 1</matrix>
                <instance_node url="#ID304" />
            </node>
            <node id="ID317" name="instance_23">
                <matrix>-6.661338e-16 1.602374e-31 -1 3.089778 -0.05233596 0.9986295 3.486275e-17 0.4479974 0.9986295 0.05233596 -6.652209e-16 2.912539 0 0 0 1</matrix>
                <instance_node url="#ID318" />
            </node>
            <node id="ID331" name="instance_24">
                <matrix>2.030606e-16 -9.135601e-17 -1 3.896553 -0.01745241 -0.9998477 8.77982e-17 1.82713 -0.9998477 0.01745241 -2.046241e-16 1.853729 0 0 0 1</matrix>
                <instance_node url="#ID332" />
            </node>
            <node id="ID345" name="instance_25">
                <matrix>1 9.536583e-32 2.341931e-31 1.851912 2.32493e-31 0.01745241 -0.9998477 2.090474 -9.943854e-32 0.9998477 0.01745241 1.424118 0 0 0 1</matrix>
                <instance_node url="#ID346" />
            </node>
            <node id="ID359" name="instance_26">
                <matrix>1 -9.135601e-17 8.691944e-16 3.587746 -7.617257e-17 -0.9998477 -0.01745241 2.149991 8.706564e-16 0.01745241 -0.9998477 2.656182 0 0 0 1</matrix>
                <instance_node url="#ID360" />
            </node>
            <node id="ID373" name="instance_27">
                <matrix>-6.661338e-16 1.602374e-31 -1 3.812832 -0.05233596 0.9986295 3.486275e-17 0.5549033 0.9986295 0.05233596 -6.652209e-16 2.780767 0 0 0 1</matrix>
                <instance_node url="#ID374" />
            </node>
            <node id="ID387" name="instance_28">
                <matrix>1 -1.190293e-15 2.111315e-15 3.588648 2.023141e-15 -0.06975647 -0.9975641 1.70446 1.334672e-15 0.9975641 -0.06975647 1.536493 0 0 0 1</matrix>
                <instance_node url="#ID388" />
            </node>
            <node id="ID401" name="instance_29">
                <matrix>-6.661338e-16 1.479114e-31 -1 3.896553 0.9986295 -0.05233596 -6.652209e-16 1.835709 -0.05233596 -0.9986295 3.486275e-17 2.819369 0 0 0 1</matrix>
                <instance_node url="#ID402" />
            </node>
        </node>
        <node id="ID6" name="THMB_DSTL">
            <instance_geometry url="#ID7">
                <bind_material>
                    <technique_common>
                        <instance_material symbol="Material2" target="#ID8">
                            <bind_vertex_input semantic="UVSET0" input_semantic="TEXCOORD" input_set="0" />
                        </instance_material>
                        <instance_material symbol="Material3" target="#ID14">
                            <bind_vertex_input semantic="UVSET0" input_semantic="TEXCOORD" input_set="0" />
                        </instance_material>
                    </technique_common>
                </bind_material>
            </instance_geometry>
        </node>
        <node id="ID20" name="THMB_K2">
            <instance_geometry url="#ID21">
                <bind_material>
                    <technique_common>
                        <instance_material symbol="Material2" target="#ID22">
                            <bind_vertex_input semantic="UVSET0" input_semantic="TEXCOORD" input_set="0" />
                        </instance_material>
                        <instance_material symbol="Material3" target="#ID28">
                            <bind_vertex_input semantic="UVSET0" input_semantic="TEXCOORD" input_set="0" />
                        </instance_material>
                    </technique_common>
                </bind_material>
            </instance_geometry>
            <instance_geometry url="#ID33">
                <bind_material>
                    <technique_common>
                        <instance_material symbol="Material2" target="#ID28">
                            <bind_vertex_input semantic="UVSET0" input_semantic="TEXCOORD" input_set="0" />
                        </instance_material>
                    </technique_common>
                </bind_material>
            </instance_geometry>
        </node>
        <node id="ID38" name="INDX_K1">
            <instance_geometry url="#ID39">
                <bind_material>
                    <technique_common>
                        <instance_material symbol="Material2" target="#ID22">
                            <bind_vertex_input semantic="UVSET0" input_semantic="TEXCOORD" input_set="0" />
                        </instance_material>
                        <instance_material symbol="Material3" target="#ID28">
                            <bind_vertex_input semantic="UVSET0" input_semantic="TEXCOORD" input_set="0" />
                        </instance_material>
                    </technique_common>
                </bind_material>
            </instance_geometry>
            <instance_geometry url="#ID47">
                <bind_material>
                    <technique_common>
                        <instance_material symbol="Material2" target="#ID28">
                            <bind_vertex_input semantic="UVSET0" input_semantic="TEXCOORD" input_set="0" />
                        </instance_material>
                    </technique_common>
                </bind_material>
            </instance_geometry>
        </node>
        <node id="ID52" name="MIDL_K2">
            <instance_geometry url="#ID53">
                <bind_material>
                    <technique_common>
                        <instance_material symbol="Material2" target="#ID22">
                            <bind_vertex_input semantic="UVSET0" input_semantic="TEXCOORD" input_set="0" />
                        </instance_material>
                        <instance_material symbol="Material3" target="#ID28">
                            <bind_vertex_input semantic="UVSET0" input_semantic="TEXCOORD" input_set="0" />
                        </instance_material>
                    </technique_common>
                </bind_material>
            </instance_geometry>
            <instance_geometry url="#ID61">
                <bind_material>
                    <technique_common>
                        <instance_material symbol="Material2" target="#ID28">
                            <bind_vertex_input semantic="UVSET0" input_semantic="TEXCOORD" input_set="0" />
                        </instance_material>
                    </technique_common>
                </bind_material>
            </instance_geometry>
        </node>
        <node id="ID66" name="INDX_K3">
            <instance_geometry url="#ID67">
                <bind_material>
                    <technique_common>
                        <instance_material symbol="Material2" target="#ID22">
                            <bind_vertex_input semantic="UVSET0" input_semantic="TEXCOORD" input_set="0" />
                        </instance_material>
                        <instance_material symbol="Material3" target="#ID28">
                            <bind_vertex_input semantic="UVSET0" input_semantic="TEXCOORD" input_set="0" />
                        </instance_material>
                    </technique_common>
                </bind_material>
            </instance_geometry>
            <instance_geometry url="#ID75">
                <bind_material>
                    <technique_common>
                        <instance_material symbol="Material2" target="#ID28">
                            <bind_vertex_input semantic="UVSET0" input_semantic="TEXCOORD" input_set="0" />
                        </instance_material>
                    </technique_common>
                </bind_material>
            </instance_geometry>
        </node>
        <node id="ID80" name="MIDL_K3">
            <instance_geometry url="#ID81">
                <bind_material>
                    <technique_common>
                        <instance_material symbol="Material2" target="#ID22">
                            <bind_vertex_input semantic="UVSET0" input_semantic="TEXCOORD" input_set="0" />
                        </instance_material>
                        <instance_material symbol="Material3" target="#ID28">
                            <bind_vertex_input semantic="UVSET0" input_semantic="TEXCOORD" input_set="0" />
                        </instance_material>
                    </technique_common>
                </bind_material>
            </instance_geometry>
            <instance_geometry url="#ID89">
                <bind_material>
                    <technique_common>
                        <instance_material symbol="Material2" target="#ID28">
                            <bind_vertex_input semantic="UVSET0" input_semantic="TEXCOORD" input_set="0" />
                        </instance_material>
                    </technique_common>
                </bind_material>
            </instance_geometry>
        </node>
        <node id="ID94" name="PALM">
            <instance_geometry url="#ID95">
                <bind_material>
                    <technique_common>
                        <instance_material symbol="Material2" target="#ID8">
                            <bind_vertex_input semantic="UVSET0" input_semantic="TEXCOORD" input_set="0" />
                        </instance_material>
                        <instance_material symbol="Material3" target="#ID101">
                            <bind_vertex_input semantic="UVSET0" input_semantic="TEXCOORD" input_set="0" />
                        </instance_material>
                        <instance_material symbol="Material4" target="#ID102">
                            <bind_vertex_input semantic="UVSET0" input_semantic="TEXCOORD" input_set="0" />
                        </instance_material>
                    </technique_common>
                </bind_material>
            </instance_geometry>
        </node>
        <node id="ID108" name="MIDL_INTR">
            <instance_geometry url="#ID109">
                <bind_material>
                    <technique_common>
                        <instance_material symbol="Material2" target="#ID8">
                            <bind_vertex_input semantic="UVSET0" input_semantic="TEXCOORD" input_set="0" />
                        </instance_material>
                        <instance_material symbol="Material3" target="#ID14">
                            <bind_vertex_input semantic="UVSET0" input_semantic="TEXCOORD" input_set="0" />
                        </instance_material>
                    </technique_common>
                </bind_material>
            </instance_geometry>
            <instance_geometry url="#ID117">
                <bind_material>
                    <technique_common>
                        <instance_material symbol="Material2" target="#ID14">
                            <bind_vertex_input semantic="UVSET0" input_semantic="TEXCOORD" input_set="0" />
                        </instance_material>
                    </technique_common>
                </bind_material>
            </instance_geometry>
        </node>
        <node id="ID122" name="RING_K1">
            <instance_geometry url="#ID123">
                <bind_material>
                    <technique_common>
                        <instance_material symbol="Material2" target="#ID22">
                            <bind_vertex_input semantic="UVSET0" input_semantic="TEXCOORD" input_set="0" />
                        </instance_material>
                        <instance_material symbol="Material3" target="#ID28">
                            <bind_vertex_input semantic="UVSET0" input_semantic="TEXCOORD" input_set="0" />
                        </instance_material>
                    </technique_common>
                </bind_material>
            </instance_geometry>
            <instance_geometry url="#ID131">
                <bind_material>
                    <technique_common>
                        <instance_material symbol="Material2" target="#ID28">
                            <bind_vertex_input semantic="UVSET0" input_semantic="TEXCOORD" input_set="0" />
                        </instance_material>
                    </technique_common>
                </bind_material>
            </instance_geometry>
        </node>
        <node id="ID136" name="THMB_K1">
            <instance_geometry url="#ID137">
                <bind_material>
                    <technique_common>
                        <instance_material symbol="Material2" target="#ID22">
                            <bind_vertex_input semantic="UVSET0" input_semantic="TEXCOORD" input_set="0" />
                        </instance_material>
                        <instance_material symbol="Material3" target="#ID28">
                            <bind_vertex_input semantic="UVSET0" input_semantic="TEXCOORD" input_set="0" />
                        </instance_material>
                    </technique_common>
                </bind_material>
            </instance_geometry>
            <instance_geometry url="#ID145">
                <bind_material>
                    <technique_common>
                        <instance_material symbol="Material2" target="#ID28">
                            <bind_vertex_input semantic="UVSET0" input_semantic="TEXCOORD" input_set="0" />
                        </instance_material>
                    </technique_common>
                </bind_material>
            </instance_geometry>
        </node>
        <node id="ID150" name="PNKY_PROX">
            <instance_geometry url="#ID151">
                <bind_material>
                    <technique_common>
                        <instance_material symbol="Material2" target="#ID8">
                            <bind_vertex_input semantic="UVSET0" input_semantic="TEXCOORD" input_set="0" />
                        </instance_material>
                        <instance_material symbol="Material3" target="#ID14">
                            <bind_vertex_input semantic="UVSET0" input_semantic="TEXCOORD" input_set="0" />
                        </instance_material>
                    </technique_common>
                </bind_material>
            </instance_geometry>
            <instance_geometry url="#ID159">
                <bind_material>
                    <technique_common>
                        <instance_material symbol="Material2" target="#ID14">
                            <bind_vertex_input semantic="UVSET0" input_semantic="TEXCOORD" input_set="0" />
                        </instance_material>
                    </technique_common>
                </bind_material>
            </instance_geometry>
        </node>
        <node id="ID164" name="RING_INTR">
            <instance_geometry url="#ID165">
                <bind_material>
                    <technique_common>
                        <instance_material symbol="Material2" target="#ID8">
                            <bind_vertex_input semantic="UVSET0" input_semantic="TEXCOORD" input_set="0" />
                        </instance_material>
                        <instance_material symbol="Material3" target="#ID14">
                            <bind_vertex_input semantic="UVSET0" input_semantic="TEXCOORD" input_set="0" />
                        </instance_material>
                    </technique_common>
                </bind_material>
            </instance_geometry>
            <instance_geometry url="#ID173">
                <bind_material>
                    <technique_common>
                        <instance_material symbol="Material2" target="#ID14">
                            <bind_vertex_input semantic="UVSET0" input_semantic="TEXCOORD" input_set="0" />
                        </instance_material>
                    </technique_common>
                </bind_material>
            </instance_geometry>
        </node>
        <node id="ID178" name="INDX_INTR">
            <instance_geometry url="#ID179">
                <bind_material>
                    <technique_common>
                        <instance_material symbol="Material2" target="#ID8">
                            <bind_vertex_input semantic="UVSET0" input_semantic="TEXCOORD" input_set="0" />
                        </instance_material>
                        <instance_material symbol="Material3" target="#ID14">
                            <bind_vertex_input semantic="UVSET0" input_semantic="TEXCOORD" input_set="0" />
                        </instance_material>
                    </technique_common>
                </bind_material>
            </instance_geometry>
            <instance_geometry url="#ID187">
                <bind_material>
                    <technique_common>
                        <instance_material symbol="Material2" target="#ID14">
                            <bind_vertex_input semantic="UVSET0" input_semantic="TEXCOORD" input_set="0" />
                        </instance_material>
                    </technique_common>
                </bind_material>
            </instance_geometry>
        </node>
        <node id="ID192" name="INDX_K2">
            <instance_geometry url="#ID193">
                <bind_material>
                    <technique_common>
                        <instance_material symbol="Material2" target="#ID22">
                            <bind_vertex_input semantic="UVSET0" input_semantic="TEXCOORD" input_set="0" />
                        </instance_material>
                        <instance_material symbol="Material3" target="#ID28">
                            <bind_vertex_input semantic="UVSET0" input_semantic="TEXCOORD" input_set="0" />
                        </instance_material>
                    </technique_common>
                </bind_material>
            </instance_geometry>
            <instance_geometry url="#ID201">
                <bind_material>
                    <technique_common>
                        <instance_material symbol="Material2" target="#ID28">
                            <bind_vertex_input semantic="UVSET0" input_semantic="TEXCOORD" input_set="0" />
                        </instance_material>
                    </technique_common>
                </bind_material>
            </instance_geometry>
        </node>
        <node id="ID206" name="MIDL_K1">
            <instance_geometry url="#ID207">
                <bind_material>
                    <technique_common>
                        <instance_material symbol="Material2" target="#ID22">
                            <bind_vertex_input semantic="UVSET0" input_semantic="TEXCOORD" input_set="0" />
                        </instance_material>
                        <instance_material symbol="Material3" target="#ID28">
                            <bind_vertex_input semantic="UVSET0" input_semantic="TEXCOORD" input_set="0" />
                        </instance_material>
                    </technique_common>
                </bind_material>
            </instance_geometry>
            <instance_geometry url="#ID215">
                <bind_material>
                    <technique_common>
                        <instance_material symbol="Material2" target="#ID28">
                            <bind_vertex_input semantic="UVSET0" input_semantic="TEXCOORD" input_set="0" />
                        </instance_material>
                    </technique_common>
                </bind_material>
            </instance_geometry>
        </node>
        <node id="ID220" name="RING_K2">
            <instance_geometry url="#ID221">
                <bind_material>
                    <technique_common>
                        <instance_material symbol="Material2" target="#ID22">
                            <bind_vertex_input semantic="UVSET0" input_semantic="TEXCOORD" input_set="0" />
                        </instance_material>
                        <instance_material symbol="Material3" target="#ID28">
                            <bind_vertex_input semantic="UVSET0" input_semantic="TEXCOORD" input_set="0" />
                        </instance_material>
                    </technique_common>
                </bind_material>
            </instance_geometry>
            <instance_geometry url="#ID229">
                <bind_material>
                    <technique_common>
                        <instance_material symbol="Material2" target="#ID28">
                            <bind_vertex_input semantic="UVSET0" input_semantic="TEXCOORD" input_set="0" />
                        </instance_material>
                    </technique_common>
                </bind_material>
            </instance_geometry>
        </node>
        <node id="ID234" name="INDX_PROX">
            <instance_geometry url="#ID235">
                <bind_material>
                    <technique_common>
                        <instance_material symbol="Material2" target="#ID8">
                            <bind_vertex_input semantic="UVSET0" input_semantic="TEXCOORD" input_set="0" />
                        </instance_material>
                        <instance_material symbol="Material3" target="#ID14">
                            <bind_vertex_input semantic="UVSET0" input_semantic="TEXCOORD" input_set="0" />
                        </instance_material>
                    </technique_common>
                </bind_material>
            </instance_geometry>
            <instance_geometry url="#ID243">
                <bind_material>
                    <technique_common>
                        <instance_material symbol="Material2" target="#ID14">
                            <bind_vertex_input semantic="UVSET0" input_semantic="TEXCOORD" input_set="0" />
                        </instance_material>
                    </technique_common>
                </bind_material>
            </instance_geometry>
        </node>
        <node id="ID248" name="MIDL_PROX">
            <instance_geometry url="#ID249">
                <bind_material>
                    <technique_common>
                        <instance_material symbol="Material2" target="#ID8">
                            <bind_vertex_input semantic="UVSET0" input_semantic="TEXCOORD" input_set="0" />
                        </instance_material>
                        <instance_material symbol="Material3" target="#ID14">
                            <bind_vertex_input semantic="UVSET0" input_semantic="TEXCOORD" input_set="0" />
                        </instance_material>
                    </technique_common>
                </bind_material>
            </instance_geometry>
            <instance_geometry url="#ID257">
                <bind_material>
                    <technique_common>
                        <instance_material symbol="Material2" target="#ID14">
                            <bind_vertex_input semantic="UVSET0" input_semantic="TEXCOORD" input_set="0" />
                        </instance_material>
                    </technique_common>
                </bind_material>
            </instance_geometry>
        </node>
        <node id="ID262" name="THMB_PROX">
            <instance_geometry url="#ID263">
                <bind_material>
                    <technique_common>
                        <instance_material symbol="Material2" target="#ID8">
                            <bind_vertex_input semantic="UVSET0" input_semantic="TEXCOORD" input_set="0" />
                        </instance_material>
                        <instance_material symbol="Material3" target="#ID14">
                            <bind_vertex_input semantic="UVSET0" input_semantic="TEXCOORD" input_set="0" />
                        </instance_material>
                    </technique_common>
                </bind_material>
            </instance_geometry>
            <instance_geometry url="#ID271">
                <bind_material>
                    <technique_common>
                        <instance_material symbol="Material2" target="#ID14">
                            <bind_vertex_input semantic="UVSET0" input_semantic="TEXCOORD" input_set="0" />
                        </instance_material>
                    </technique_common>
                </bind_material>
            </instance_geometry>
        </node>
        <node id="ID276" name="RING_PROX">
            <instance_geometry url="#ID277">
                <bind_material>
                    <technique_common>
                        <instance_material symbol="Material2" target="#ID8">
                            <bind_vertex_input semantic="UVSET0" input_semantic="TEXCOORD" input_set="0" />
                        </instance_material>
                        <instance_material symbol="Material3" target="#ID14">
                            <bind_vertex_input semantic="UVSET0" input_semantic="TEXCOORD" input_set="0" />
                        </instance_material>
                    </technique_common>
                </bind_material>
            </instance_geometry>
            <instance_geometry url="#ID285">
                <bind_material>
                    <technique_common>
                        <instance_material symbol="Material2" target="#ID14">
                            <bind_vertex_input semantic="UVSET0" input_semantic="TEXCOORD" input_set="0" />
                        </instance_material>
                    </technique_common>
                </bind_material>
            </instance_geometry>
        </node>
        <node id="ID290" name="INDX_DSTL">
            <instance_geometry url="#ID291">
                <bind_material>
                    <technique_common>
                        <instance_material symbol="Material2" target="#ID8">
                            <bind_vertex_input semantic="UVSET0" input_semantic="TEXCOORD" input_set="0" />
                        </instance_material>
                        <instance_material symbol="Material3" target="#ID14">
                            <bind_vertex_input semantic="UVSET0" input_semantic="TEXCOORD" input_set="0" />
                        </instance_material>
                    </technique_common>
                </bind_material>
            </instance_geometry>
            <instance_geometry url="#ID299">
                <bind_material>
                    <technique_common>
                        <instance_material symbol="Material2" target="#ID14">
                            <bind_vertex_input semantic="UVSET0" input_semantic="TEXCOORD" input_set="0" />
                        </instance_material>
                    </technique_common>
                </bind_material>
            </instance_geometry>
        </node>
        <node id="ID304" name="RING_DSTL">
            <instance_geometry url="#ID305">
                <bind_material>
                    <technique_common>
                        <instance_material symbol="Material2" target="#ID8">
                            <bind_vertex_input semantic="UVSET0" input_semantic="TEXCOORD" input_set="0" />
                        </instance_material>
                        <instance_material symbol="Material3" target="#ID14">
                            <bind_vertex_input semantic="UVSET0" input_semantic="TEXCOORD" input_set="0" />
                        </instance_material>
                    </technique_common>
                </bind_material>
            </instance_geometry>
            <instance_geometry url="#ID313">
                <bind_material>
                    <technique_common>
                        <instance_material symbol="Material2" target="#ID14">
                            <bind_vertex_input semantic="UVSET0" input_semantic="TEXCOORD" input_set="0" />
                        </instance_material>
                    </technique_common>
                </bind_material>
            </instance_geometry>
        </node>
        <node id="ID318" name="RING_K3">
            <instance_geometry url="#ID319">
                <bind_material>
                    <technique_common>
                        <instance_material symbol="Material2" target="#ID22">
                            <bind_vertex_input semantic="UVSET0" input_semantic="TEXCOORD" input_set="0" />
                        </instance_material>
                        <instance_material symbol="Material3" target="#ID28">
                            <bind_vertex_input semantic="UVSET0" input_semantic="TEXCOORD" input_set="0" />
                        </instance_material>
                    </technique_common>
                </bind_material>
            </instance_geometry>
            <instance_geometry url="#ID327">
                <bind_material>
                    <technique_common>
                        <instance_material symbol="Material2" target="#ID28">
                            <bind_vertex_input semantic="UVSET0" input_semantic="TEXCOORD" input_set="0" />
                        </instance_material>
                    </technique_common>
                </bind_material>
            </instance_geometry>
        </node>
        <node id="ID332" name="PNKY_K1">
            <instance_geometry url="#ID333">
                <bind_material>
                    <technique_common>
                        <instance_material symbol="Material2" target="#ID22">
                            <bind_vertex_input semantic="UVSET0" input_semantic="TEXCOORD" input_set="0" />
                        </instance_material>
                        <instance_material symbol="Material3" target="#ID28">
                            <bind_vertex_input semantic="UVSET0" input_semantic="TEXCOORD" input_set="0" />
                        </instance_material>
                    </technique_common>
                </bind_material>
            </instance_geometry>
            <instance_geometry url="#ID341">
                <bind_material>
                    <technique_common>
                        <instance_material symbol="Material2" target="#ID28">
                            <bind_vertex_input semantic="UVSET0" input_semantic="TEXCOORD" input_set="0" />
                        </instance_material>
                    </technique_common>
                </bind_material>
            </instance_geometry>
        </node>
        <node id="ID346" name="MIDL_DSTL">
            <instance_geometry url="#ID347">
                <bind_material>
                    <technique_common>
                        <instance_material symbol="Material2" target="#ID8">
                            <bind_vertex_input semantic="UVSET0" input_semantic="TEXCOORD" input_set="0" />
                        </instance_material>
                        <instance_material symbol="Material3" target="#ID14">
                            <bind_vertex_input semantic="UVSET0" input_semantic="TEXCOORD" input_set="0" />
                        </instance_material>
                    </technique_common>
                </bind_material>
            </instance_geometry>
            <instance_geometry url="#ID355">
                <bind_material>
                    <technique_common>
                        <instance_material symbol="Material2" target="#ID14">
                            <bind_vertex_input semantic="UVSET0" input_semantic="TEXCOORD" input_set="0" />
                        </instance_material>
                    </technique_common>
                </bind_material>
            </instance_geometry>
        </node>
        <node id="ID360" name="PNKY_INTR">
            <instance_geometry url="#ID361">
